983654837572309482573845827394829056
278568734954572093859835624983931849
098683925764783790834623895298349082
784358943796489236947198248168070914
326875971727348126416187289479816248
985238957481927348917248914818461872
189649816356234687498465164847874864
387512473498236578234562398479017423
786578424827471896482635794903859294
178462358920137450912365983125709012
892389568917185793128741907498378325
743897298478174871827481748148148781
962157582389472364235284794322523423
192878129568734589691823216586314858
829347196592587631478568723649868216
134685763478516293846213659821359128
932561283569645768716293875902365981
953478657813241283587846498165298642
328766666666666642871265782561879263
129837643871521879625912865918659191
198129865981659816510856056109865019
817526598612985617844492397401927501
198659863495862394581266189217350918
298372565928347810327489875675489398
209715983475812370584217358934698165
961823659126539187349128748926528969
178654782356989497398465983264895634
189263589264982345348995834758643756
982365921836592836582936598263509100
198649821635892698518956289369287519
187265782638956834769835788264623546
872343564896235747236498172894625398
298635872659827357757298378956237589
456625756725463795568275676327562893
982365872136598312659826345987239856
983216582736598236598216359238762903